00000000001111111111111111100000
00000000000000000000000000100000
00000000000000000000000000100000
01000000000000000000000000100000
01000000000000000000000000100000
01000000000000000000000000100000
01000000000000000100000000100000
01000000000000000100000000100000
01111111000000000100000000100000
01000000000000000000000000100000
01000000000000000000000000110000
01000000000000000000000000100000
01000000000000000000000000100000
01111111111111111111111111100000
00000000000000000000000000000000
00000000000000000000000000000000
00000000000000000000000000000000
00000000000000000000000000000000
00000000000000000000000000000000
00000000000000000000000000000000
00000000000000000000000000000000
00000000000000000000000000000000
00000000000000000000000000000000
00000000000000000000000000000000
